>A1
# Chromosome 1
-29 -28 -30 -32 -31 -27 -23 -24 -26 -41 -40 -39 -44 -43 -42 -38 -36 -37 -25 -33 -34 -35 $
>B1
# Chromosome 1
-29 -28 -30 -32 +24 +23 +27 +31 -26 -41 -40 -39 -44 -43 -42 -38 +25 +34 +33 +37 +36 -35 $
>C1
# Chromosome 1
-29 +43 +44 +39 +40 +41 +26 -31 -27 -23 -24 +32 +30 +28 -42 -38 +25 +34 +33 +37 +36 -35 $
>D1
# Chromosome 1
-29 +43 +44 +39 +40 +41 +26 +24 +23 +27 +31 +32 +30 +28 -42 -38 -36 -37 -25 -33 -34 -35 $
>E1
# Chromosome 1
-29 -28 -30 -32 -31 -27 -23 -24 -26 -41 -40 -39 -44 -43 -42 -38 -36 -37 -25 -33 -34 -35 $
>F1
# Chromosome 1
+42 +43 +44 +39 +40 +41 +26 +24 -23 +27 +31 +32 +30 +28 +29 +35 +34 +33 +25 +37 +36 +38 $
>G1
# Chromosome 1
-29 -28 -30 +41 +26 +24 +23 +27 +31 +32 -40 -39 -44 -43 -42 -38 -36 -37 -25 -33 -34 -35 $
>I1
# Chromosome 1
-29 -28 -30 +41 +26 +24 +23 +27 +31 +32 -40 -39 -44 -43 -42 -38 +33 +34 +25 +37 +36 -35 $
>H1
# Chromosome 1
-29 -28 +44 +39 +40 +41 +26 +24 +23 +27 +31 +32 +30 -43 -42 -38 -36 -37 -34 -25 -33 -35 $
