# Synteny blocks for 7 mammalian genomes:
# human, rat, mouse, dog, cat, pig, and cow
# as constructed in Murphy et al. (2005) Science 309(5734), 613-617.

>human 
# Chromosome 1 
1 2 3 4 5 6 7 8 9 10 11 12 13 14 15 16 17 18 19 20 21 22 23 24 25 26 27 28 $ 
# Chromosome 2 
29 30 31 32 33 34 35 36 37 38 39 40 41 42 43 44 45 46 47 48 49 50 51 52 53 54 55 56 57 58 59 $ 
# Chromosome 3
60 61 62 63 64 65 66 67 68 69 70 71 72 73 74 75 76 77 78 79 80 $ 
# Chromosome 4 
81 82 83 84 85 86 87 88 89 90 91 92 93 94 95 96 97 98 $ 
# Chromosome 5 
99 100 101 102 103 104 105 106 107 108 109 110 111 112 113 $ 
# Chromosome 6 
114 115 116 117 118 119 120 121 122 123 124 125 126 127 128 129 130 131 132 133 134 135 136 137 $
# Chromosome 7 
138 139 140 141 142 143 144 145 146 147 148 149 150 151 152 $ 
# Chromosome 8 
153 154 155 156 157 158 159 160 161 162 163 164 165 166 167 168 $ 
# Chromosome 9 
169 170 171 172 173 174 175 176 177 178 179 $ 
# Chromosome 10 
180 181 182 183 184 185 186 187 $ 
# Chromosome 11 
188 189 190 191 192 193 194 195 196 197 198 199 200 201 202 203 204 $ 
# Chromosome 12 
205 206 207 208 209 210 211 212 213 214 $ 
# Chromosome 13 
215 216 217 218 219 220 221 $ 
# Chromosome 14 
222 223 224 225 226 227 228 229 $ 
# Chromosome 15 
230 231 232 233 234 235 236 237 238 239 240 241 242 243 $ 
# Chromosome 16 
244 245 246 247 248 249 250 251 252 253 $ 
# Chromosome 17 
254 255 256 257 258 259 260 261 262 263 264 265 266 267 $ 
# Chromosome 18 
268 269 270 271 272 273 274 275 276 $ 
# Chromosome 19 
277 278 279 280 281 282 283 284 285 $ 
# Chromosome 20 
286 287 288 $ 
# Chromosome 21 
289 290 291 $ 
# Chromosome 22 
292 293 294 295 296 $ 
# Chromosome X 
297 298 299 300 301 302 303 304 305 306 307 $ 

>mouse 
# Chromosome 1 
-156 161 122 -125 -124 -46 42 43 44 -55 -54 56 57 58 59 275 276 -45 47 -25 -24 -23 -22 -21 -20 -19 -18 -26 $ 
# Chromosome 2 
179 -178 177 -176 175 48 49 50 51 52 53 -194 -193 -192 231 232 233 234 286 287 288 $ 
# Chromosome 3 
162 163 160 -76 -75 73 74 77 94 -217 71 72 -97 -96 -17 -16 -15 -14 -13 -93 -11 -10 $ 
# Chromosome 4 
157 158 -159 -127 171 172 173 174 169 170 9 -8 -7 -6 -5 -4 -3 -2 -1 $ 
# Chromosome 5 
146 -145 148 152 31 -82 -81 83 84 85 86 87 88 89 90 91 12 -213 214 -143 -144 138 216 $ 
# Chromosome 6 
147 149 150 151 139 140 92 -41 -40 -39 -38 60 61 -180 -205 206 $ 
# Chromosome 7 
285 -283 -284 190 191 230 -243 241 242 -240 -239 -200 -199 -198 -197 188 189 246 187 $ 
# Chromosome 8 
278 221 -155 -154 -98 -282 293 -95 -281 -280 247 248 249 250 -252 -251 253 27 $ 
# Chromosome 9 
-202 -201 279 -204 -203 238 -237 -236 -235 -123 126 -70 -69 -66 -63 -62 64 65 $ 
# Chromosome 10 
134 -133 -132 -131 -130 -128 129 277 -212 -211 -210 -209 $ 
# Chromosome 11 
-292 -37 -36 -113 -109 -108 256 -255 -254 -257 258 263 -262 -261 259 260 264 -265 266 267 $
# Chromosome 12 
-30 -29 223 224 227 228 229 $ 
# Chromosome 13 
-28 -142 -141 -115 114 110 -100 -99 -107 -106 -105 -104 $ 
# Chromosome 14 
-181 -182 225 226 222 215 219 -153 -218 220 $ 
# Chromosome 15 
-103 -102 -101 164 165 166 167 168 294 295 296 207 208 $ 
# Chromosome 16 
245 78 79 -80 -68 -67 289 290 $ 
# Chromosome 17 
-135 -136 137 -244 119 120 291 -118 -117 -116 -121 -268 32 33 34 35 $ 
# Chromosome 18 
269 270 111 112 273 274 -272 -271 $ 
# Chromosome 19 
196 -195 183 184 185 186 $ 
# Chromosome X 
-301 300 306 307 -299 -298 303 304 305 -302 -297 $ 

>rat 
# Chromosome 1 
-133 131 132 130 134 135 136 137 -285 -283 -284 190 191 230 -243 241 242 -240 -239 -200 -199 -198 -197 188 189 246 187 -196 -195 -183 184 185 186 $ 
# Chromosome 2 
-107 -106 -105 -104 -103 -102 -101 -100 -163 -162 160 -76 73 -75 -74 77 94 -217 71 72 -97 -96 -17 -16 -15 -14 -13 -93 -11 -10 $ 
# Chromosome 3 
179 -178 177 -176 175 48 49 50 51 52 53 -194 -193 -192 231 232 233 234 286 287 288 $ 
# Chromosome 4 
-152 -148 145 146 147 149 150 151 139 140 92 -41 -40 -39 -38 60 61 -180 -205 206 $ 
# Chromosome 5 
-161 156 157 158 -159 -127 171 172 173 174 169 170 9 -8 -7 -6 -5 4 -3 -2 -1 $ 
# Chromosome 6 
34 35 -33 -32 -31 -30 -29 223 224 227 228 229 $ 
# Chromosome 7 
-209 -277 -212 -211 -210 164 165 166 167 168 294 295 296 207 208 $ 
# Chromosome 8 
-202 -201 279 -204 -203 238 -237 -236 -235 -123 126 -70 -69 -66 -63 -62 64 65 $ 
# Chromosome 9 
121 122 -125 -124 -46 42 43 44 54 55 56 57 58 59 -268 $ 
# Chromosome 10 
-245 -244 -113 -109 -108 -256 -255 -254 -257 258 263 -262 -261 259 260 264 -265 266 267 $ 
# Chromosome 11 
-67 289 290 68 80 -79 -78 $ 
# Chromosome 12 
-278 -216 -138 144 143 -214 213 $ 
# Chromosome 13 
275 276 -45 47 -25 -24 -23 -22 -21 -20 -19 -18 -26 $ 
# Chromosome 14 
-12 -91 -90 -89 -88 -87 -86 -85 -84 -83 81 82 -292 -37 -36 $ 
# Chromosome 15 
225 226 222 215 219 -153 -218 220 $ 
# Chromosome 16 
-181 -182 282 98 154 155 -221 $ 
# Chromosome 17 
99 -110 -114 115 141 142 28 $ 
# Chromosome 18 
269 270 111 112 273 274 -272 -271 $ 
# Chromosome 19 
-249 -248 293 -247 280 281 95 250 -252 -251 253 27 $ 
# Chromosome 20 
116 117 118 119 120 291 129 -128 $ 
# Chromosome X 
-306 -300 -299 301 -305 -302 297 -298 303 304 307 $ 

>cat 
# Chromosome A1 
215 216 217 218 219 220 221 108 109 110 111 112 105 106 -107 113 103 104 -102 -101 -100 -99 $
# Chromosome A2 
277 278 279 280 281 282 -66 -65 60 61 -142 -141 -148 145 146 147 -140 -139 149 -152 -151 -150 $ 
# Chromosome A3 
-288 -287 286 35 36 37 38 39 40 41 -33 -32 -31 -30 42 43 44 -34 -29 $ 
# Chromosome B1 
98 -155 -154 -153 -97 -96 -95 -94 -93 -92 -91 -90 -89 -88 -87 -86 -85 -84 -83 -82 -81 $ 
# Chromosome B2 
-115 -114 116 117 118 119 120 121 122 123 124 125 126 -137 -136 -135 -134 -133 -132 -131 -130 -129 -128 -127 $ 
# Chromosome B3 
239 240 -242 -241 243 -230 -238 -237 -236 -235 -234 -233 -232 -231 222 223 224 225 226 227 228 229 $ 
# Chromosome B4 
205 206 207 208 209 -210 211 212 -295 -294 -293 -296 $ 
# Chromosome C1 
1 2 3 4 -9 -8 -7 -6 -5 10 11 12 13 14 15 16 45 46 47 48 49 50 51 52 53 54 55 56 57 58 59 $ 
# Chromosome C2 
-291 -290 -289 67 68 -80 -79 -78 -77 -76 -75 -74 -73 -72 -71 -70 -69 62 63 64 $ 
# Chromosome D1 
202 203 204 -201 -200 -199 -198 -197 188 189 190 191 -193 -192 194 195 196 $ 
# Chromosome D2 
-28 -27 -182 -181 -180 185 -187 -186 -184 -183 $ 
# Chromosome D3 
-214 213 292 -268 269 270 271 272 273 274 275 276 $ 
# Chromosome D4 
-169 -173 -172 -171 -170 -179 -178 -177 -176 -175 -174 $ 
# Chromosome E1 
255 256 -254 257 258 -263 -262 -259 -261 -260 264 265 266 267 $ 
# Chromosome E2 
285 -284 -283 247 248 249 250 251 252 253 $ 
# Chromosome E3 
138 -144 -143 -246 -245 -244 $ 
# Chromosome F1 
19 20 21 22 -26 -25 -24 17 18 -23 $ 
# Chromosome F2 
156 157 158 159 160 161 162 163 164 165 166 167 168 $ 
# Chromosome X 
297 298 299 300 301 302 303 304 305 306 307 $ 

>cattle 
# Chromosome 1 
-289 67 68 -80 -79 -78 -77 -76 -75 -74 -73 -72 -71 70 69 290 291 $ 
# Chromosome 2 
53 54 46 48 49 50 51 52 -45 -47 55 56 -57 -58 -4 -3 $ 
# Chromosome 3 
-19 -18 -17 -16 -15 -14 -13 -12 -11 -10 -9 -8 -7 -6 -59 5 $ 
# Chromosome 4 
-147 -146 -145 148 139 140 141 142 149 150 151 152 $ 
# Chromosome 5 
211 -208 -207 -210 -209 212 293 294 -206 -205 295 296 $ 
# Chromosome 6 
-93 -92 -91 84 85 86 87 88 89 90 -81 82 83 $ 
# Chromosome 7 
-282 -281 277 108 278 279 280 109 110 111 112 113 107 $ 
# Chromosome 8 
153 -171 -170 -169 -173 -172 174 $ 
# Chromosome 9 
125 126 129 130 -128 -127 131 132 133 134 135 136 137 $ 
# Chromosome 10 
-225 236 -222 231 224 -235 -234 226 227 228 233 $ 
# Chromosome 11 
42 43 44 -40 33 -41 -35 -34 -37 -36 -39 30 31 32 38 -29 175 176 177 178 179 $ 
# Chromosome 12 
-219 -218 -217 -216 -215 220 221 $ 
# Chromosome 13 
-288 287 286 $ 
# Chromosome 14
-168 -157 -156 158 159 160 161 -166 -162 165 164 167 -163 $ 
# Chromosome 15 
-202 -201 203 -190 -189 -188 197 192 193 194 $ 
# Chromosome 16 
25 -23 -20 21 22 -24 26 -2 -1 $ 
# Chromosome 17 
-96 -95 -94 -97 -214 -213 292 $ 
# Chromosome 18 
-251 253 247 248 249 250 252 283 284 285 $ 
# Chromosome 19 
-263 -262 -258 -257 254 255 256 -261 259 264 -267 -266 -265 $ 
# Chromosome 20 
-106 -105 -104 -103 -102 -101 -100 -99 $ 
# Chromosome 21 
241 242 243 -230 -240 -239 -238 -237 223 -232 229 $ 
# Chromosome 22 
62 63 64 -60 260 -61 65 66 $ 
# Chromosome 23 
123 124 118 119 120 121 122 -117 -116 -115 -114 $ 
# Chromosome 24 
-276 -270 269 -271 268 272 273 274 275 $ 
# Chromosome 25 
-245 -244 246 143 144 -138 $ 
# Chromosome 26 
183 184 185 186 187 $ 
# Chromosome 27 
98 154 -155 $ 
# Chromosome 28 
27 28 182 180 181 $ 
# Chromosome 29 
199 -200 -198 -191 204 195 196 $ 
# Chromosome X 
306 307 304 305 -303 -302 -301 -300 -299 -298 -297 $ 

>dog 
# Chromosome 1 
-276 -275 -274 -273 -272 132 133 134 135 136 137 129 130 -285 -284 -283 $ 
# Chromosome 2 
112 105 106 -248 -247 -4 -3 -2 -267 $ 
# Chromosome 3 
-107 230 -243 -242 -241 -240 -82 -83 81 -86 85 -84 $ 
# Chromosome 4 
-28 -27 182 -113 -104 -103 $ 
# Chromosome 5 
-204 -203 -202 255 256 -9 1 -253 251 252 -250 -249 $ 
# Chromosome 6
-143 144 -138 -246 -245 -244 -13 -12 -11 -10 $ 
# Chromosome 7 
-24 26 22 -21 -20 -19 17 -270 -269 268 $ 
# Chromosome 8 
222 223 224 225 226 227 228 229 $ 
# Chromosome 9 
264 265 266 -260 -259 261 262 263 -258 257 254 -179 -178 -177 -176 -175 $ 
# Chromosome 10 
209 210 -296 -295 -294 -293 -43 44 -42 35 36 37 38 39 $ 
# Chromosome 11 
108 109 110 111 169 170 171 172 173 174 $ 
# Chromosome 12 
117 118 119 120 121 122 123 124 125 126 127 128 $ 
# Chromosome 13 
164 165 166 167 168 87 88 $ 
# Chromosome 14 
-149 146 147 139 -140 $ 
# Chromosome 15 
-7 -6 -5 -239 -8 211 212 95 96 97 $
# Chromosome 16 
-151 -150 -152 98 154 155 $ 
# Chromosome 17 
29 30 31 32 33 34 -41 -40 15 16 -14 $ 
# Chromosome 18 
-142 -141 -148 145 193 194 -196 -195 $ 
# Chromosome 19 
49 -48 -47 45 -46 94 $ 
# Chromosome 20 
-61 -60 -66 -65 -282 -281 -280 -279 -278 -277 $ 
# Chromosome 21 
192 -191 -190 -189 -188 197 198 199 200 201 $ 
# Chromosome 22 
-219 -218 220 221 $ 
# Chromosome 23 
63 64 62 69 70 71 $ 
# Chromosome 24 
-286 287 288 $ 
# Chromosome 25 
-217 -216 -215 -153 58 59 $ 
# Chromosome 26 
-214 213 -291 292 $ 
# Chromosome 27 
271 -208 -207 -206 -205 $ 
# Chromosome 28 
-181 -180 183 184 185 186 187 $ 
# Chromosome 29 
156 157 158 159 160 161 162 163 $ 
# Chromosome 30 
231 232 233 234 235 236 237 238 $ 
# Chromosome 31 
-67 289 290 $ 
# Chromosome 32 
89 90 91 92 93 $ 
# Chromosome 33 
68 -80 -79 $ 
# Chromosome 34 
-102 -101 -100 -99 77 78 72 73 74 75 76 $ 
# Chromosome 35 
114 115 116 $ 
# Chromosome 36 
51 50 52 53 131 $ 
# Chromosome 37 
54 55 56 -57 $ 
# Chromosome 38 
25 -23 18 $ 
# Chromosome X 
297 298 299 300 301 302 303 304 305 306 307 $ 

>pig 
# Chromosome 1 
-137 -136 -135 -134 -133 -132 -131 -130 -129 125 127 128 -126 271 272 273 -235 -234 -233 -232 -231 243 -230 -276 -275 -274 236 224 225 226 227 -241 -170 -169 -173 174 175 176 177 178 179 $ 
# Chromosome 2 
-196 -195 -194 -193 -192 -191 -190 -189 277 278 279 280 281 282 107 108 109 110 111 112 $ 
# Chromosome 3 
138 -144 143 -246 -245 -244 -44 -43 -42 -41 -40 -39 -38 -37 -36 -35 -34 -33 -32 -31 -30 -29 $ 
# Chromosome 4 
-168 -167 -166 -165 -164 -163 -162 -161 -160 -159 -158 -157 -156 -20 -19 -18 -17 -16 -15 -14 -13 -12 -11 $ 
# Chromosome 5 
-296 -295 -294 -293 208 209 210 -206 -205 207 -212 -211 $ 
# Chromosome 6 
-253 -252 -251 248 249 250 -247 283 284 285 1 2 3 4 5 6 -268 269 270 -10 -9 -8 -7 $ 
# Chromosome 7 
114 115 116 117 118 119 123 124 120 121 122 239 240 -242 -238 -237 -223 -222 228 229 $ 
# Chromosome 8
-82 -81 83 84 85 86 87 97 88 89 -96 -95 -94 -93 -92 -91 -90 $ 
# Chromosome 9 
-188 197 198 199 200 201 202 203 204 25 146 147 -145 148 141 -151 21 22 -26 $ 
# Chromosome 10 
-23 24 -172 -171 $ 
# Chromosome 11 
215 216 217 -219 -218 220 221 $ 
# Chromosome 12 
-267 -266 -265 -264 -260 -259 261 262 263 -258 -257 254 255 256 $ 
# Chromosome 13 
62 63 64 65 66 60 61 69 70 71 72 73 74 75 76 77 78 79 80 -68 -67 289 290 291 $ 
# Chromosome 14 
153 -214 -213 292 27 28 182 -181 -180 183 184 185 186 187 $ 
# Chromosome 15 
-49 -48 -47 -45 98 -155 -154 46 50 51 52 53 54 55 56 57 58 59 $ 
# Chromosome 16 
102 -105 -104 -103 106 -113 -101 -100 -99 $ 
# Chromosome 17 
286 287 288 $ 
# Chromosome 18 
-152 -150 -149 -140 -139 -142 $ 
# Chromosome X 
297 298 299 300 301 302 303 304 305 306 307 $ 

