>A
+339 +340 +335 +337 +345 +343 +344 +325 +323 +367 +359 +295 +292 +280 +315 +317 -302 +299 +307 +470 -440 +378 +306 +314 +283 +364 +338 +336 +341 +346 +327 -324 +328 +332 -333 -334 -329 +330 -331 +365 +361 +362 -363 +371 +372 +373 +368 +369 +351 +352 -353 -348 +349 +354 +358 -360 +355 +356 -268 +357 -321 -290 +286 +287 +291 -294 +285 +278 -274 -275 +318 +301 +305 +289 +308 +311 +279 +276 +451 +436 +439 +445 +459 +392 +458 +397 +386 +388 +382 +418 +429 +430 +424 -409 -411 +413 +420 +391 -432 +453 +462 +437 +446 +442 +444 +434 -455 -402 +380 +375 -384 -419 +414 +415 +410 +412 +416 +404 +406 +408 +407 +426 +425 +427 +428 +417 +422 -421 +383 +385 +377 +387 +376 +381 +379 +398 +399 +401 +400 +390 +389 +395 +394 +456 +452 +465 +460 +438 +433 +448 +443 +441 +450 +447 +466 +461 +463 -457 -254 +277 +255 -319 +316 $

>B
+339 +340 +335 +337 +345 +343 +344 +325 +323 +367 +359 +295 +292 +280 +302 -317 -315 +299 +307 +318 +301 +327 +346 -324 +328 +361 -363 +329 +334 +333 -332 -362 -341 -336 -338 -364 +294 -291 -287 -286 +290 +321 -357 +268 -356 +355 +360 -358 -354 -349 +348 +353 -352 -351 -369 -368 -373 +371 +372 +365 +331 -330 +285 +278 -274 +308 +311 -289 -305 -283 -314 -306 -378 +440 -470 +275 +279 +276 +451 -436 +439 +445 +459 +392 +458 +397 +386 +430 +424 -429 -418 -382 -388 -409 -411 +413 +420 +391 -432 -444 -442 -414 +419 +384 -375 -380 +402 +455 -453 +434 +462 +437 +446 +415 +410 +412 +416 +404 +406 +408 -427 -425 +426 -407 +428 +417 +422 -385 -383 +421 +377 +387 +376 -399 -390 -400 +401 +381 +379 +398 +389 +395 +394 +456 +452 +465 +460 +438 +433 +448 +443 +441 +450 +447 +254 +457 -463 -277 +466 +461 +255 -319 +316 $

>C
+339 +340 +335 +337 -344 +345 +343 +325 +323 -367 +359 +295 +292 -307 -299 +302 -317 -315 -280 -440 +378 +306 +314 +283 +470 +305 +289 -311 -308 +274 -278 -285 +294 -291 -287 -286 +290 +321 -357 -356 +355 -372 -371 +373 +368 +369 +348 -358 +360 +353 -352 -351 +349 +354 +365 +361 +362 -268 +331 -330 +329 +334 +333 -332 -328 +324 +363 +364 +338 +336 +341 +346 -327 -301 -318 +275 +279 +276 +451 +436 +439 +445 +459 +392 +458 +397 +386 +430 +424 +432 -391 -420 -413 +411 +409 +388 +382 +418 +429 +419 +384 -375 -380 +402 +455 -453 +434 +462 +437 +446 +442 +444 +415 -414 +410 +412 +433 -448 +443 +441 +450 +447 -438 -460 -465 -452 -456 -394 -395 -389 -390 -400 +401 -398 -379 -381 +254 +399 -376 -387 -377 -385 +417 -383 +421 -422 -428 -427 -425 +426 -407 -408 -406 -404 -416 -277 +466 +461 +463 +457 +255 -319 +316 $

>D
+339 +340 +335 +337 -344 +345 +343 +325 +323 -367 +359 +295 +292 -307 -299 +302 -317 -315 -280 -440 +378 +306 +314 +283 +470 +305 +289 -311 -308 +274 -278 -285 +294 -291 -287 -286 +290 +321 +268 -372 -371 +373 +368 +369 +348 -358 +360 +353 -352 -351 +349 +354 -355 +356 +357 +365 +361 +362 +331 -330 +329 +334 +333 -332 -328 +324 +363 +364 +338 +336 +341 +346 -327 -301 -318 +275 +279 +276 +451 +436 +439 +445 +459 +392 +458 +397 +386 +430 +424 +432 +391 -420 -413 +411 +409 +388 +382 +418 +429 +419 +384 -375 -380 +402 +455 -453 +434 +462 +437 +446 +442 +444 +415 -414 +410 +412 +416 +404 +406 +408 +407 +426 +425 +427 +428 +422 -421 +383 -417 +385 +377 +387 +376 -399 -254 +381 +379 +398 +401 +400 +390 +389 +395 +394 +456 +452 +465 +460 +438 -447 -450 +441 -443 +448 -433 -277 +466 +461 +463 +457 +255 -319 +316 $

>E
+339 +340 +335 +337 -343 -345 +344 +325 +323 -367 +359 +295 +292 -307 -299 +302 -317 -315 -280 +470 -440 +378 +306 +314 +283 +305 +289 -311 -308 +274 -278 -285 +294 -291 -287 -286 +290 +321 +268 -372 -371 +373 +368 +369 +348 -358 -360 +353 -352 -351 +349 +354 -355 +356 +357 +365 +361 +362 +331 -330 +329 +334 +333 -332 -328 +324 +363 +364 +338 +336 +341 +346 -327 -301 -318 +275 +279 +276 +451 +436 +439 +445 +459 +392 +458 +397 -382 -388 -409 -411 +413 +420 +391 -432 -424 -430 -386 +418 +429 +419 +384 -375 -380 +402 +455 -453 +434 +462 +437 +446 +442 +444 +415 -414 +410 +412 +416 +404 +406 +408 +407 +426 +425 +427 +428 -383 +421 -422 -456 -394 -395 -389 -390 -400 +401 +381 +379 +398 +254 +399 -376 -387 -377 -385 +417 +452 +465 +460 +438 -447 -450 -441 -443 +448 -433 -277 +466 +461 +463 +457 +255 -319 +316 $

>F
+339 +340 +335 +337 +345 +343 +344 +325 +323 +367 +359 +295 +292 +280 +315 +317 -302 +299 +307 +470 -440 +378 +306 +314 +283 +305 +289 -311 -308 +274 -278 -285 +294 -334 -329 +330 -331 -362 -361 -365 -372 -371 +373 +368 +369 +351 +352 -353 -358 +360 -348 +349 +354 -355 +356 -268 +357 -321 -290 +286 +287 +291 +333 -332 -328 +324 +363 +364 +338 +336 +341 +346 -327 -301 -318 +275 +279 +276 +451 +436 +439 +445 +459 +392 +458 +397 -424 +386 +430 +432 -391 -420 -413 +411 +409 +388 +382 +418 +429 +419 +384 -375 -380 +402 -437 -453 +434 +462 -455 +446 +442 +444 +415 -414 +410 +412 +416 +404 +406 -379 -417 -428 -254 -398 +408 +407 +426 +425 +427 +399 -376 -387 -377 -385 -383 +421 -422 +401 +381 +400 +390 +389 +395 +394 +456 +452 +465 +460 +438 +433 -448 +443 +441 +450 +447 +457 -463 -461 -466 +277 +255 -319 +316 $
